n: 10
k: 100
u_1: 0.5
u_2: 2.5
avg time: 0.00272133, worst time: 0.00317097
