n: 10
m: 5
k: 100
u_1: 1.5
u_2: 2.5
avg time: 0.000200682, worst time: 0.000675917
