n: 10
k: 100
u_1: 0.5
u_2: 2.5
avg time: 0.0027862, worst time: 0.00421143
n: 10
k: 100
u_1: 0.5
u_2: 2.5
avg time: 0.00279434, worst time: 0.00322604
n: 10
k: 100
u_1: 0.5
u_2: 2.5
avg time: 0.00273182, worst time: 0.00388002
